0 1694 89 1682 -0.172167189275358
1 1686 10 1682 -0.172167189275358
1 1686 83 1682 -0.172167189275358
2 1680 96 1670 -0.172167189275358
3 1682 20 1662 -0.172167189275358
3 1682 86 1676 -0.172167189275358
4 1684 116 1656 -0.172167189275358
6 1670 70 1660 -0.172167189275358
6 1670 72 1664 -0.0768064152656986
6 1670 116 1656 -0.172167189275358
7 1654 5 1652 3.83298531913034
8 1674 72 1664 -0.172167189275358
8 1674 116 1656 -0.172167189275358
9 1682 75 1666 -0.172167189275358
9 1682 103 1678 -0.172167189275358
10 1682 20 1662 -0.172167189275358
10 1682 72 1664 -0.172167189275358
10 1682 78 1676 -0.172167189275358
10 1682 81 1674 -0.0768064152656986
10 1682 86 1676 -0.172167189275358
11 1684 36 1680 -0.172167189275358
11 1684 44 1676 -0.172167189275358
11 1684 70 1660 -0.172167189275358
12 1686 116 1656 -0.172167189275358
13 1696 53 1688 -0.172167189275358
14 1672 5 1652 -0.0768064152656986
14 1672 7 1654 -0.172167189275358
14 1672 70 1660 -0.172167189275358
14 1672 72 1664 -0.172167189275358
14 1672 116 1656 -0.172167189275358
15 1684 20 1662 -0.172167189275358
16 1670 72 1664 -0.172167189275358
17 1696 9 1682 -0.172167189275358
18 1680 112 1668 -0.172167189275358
19 1700 41 1686 -0.172167189275358
20 1662 5 1652 -0.0768064152656986
20 1662 7 1654 0.686079776811577
20 1662 70 1660 0.686079776811577
20 1662 116 1656 0.304636680772939
21 1688 37 1674 -0.172167189275358
22 1686 3 1682 -0.172167189275358
23 1686 43 1680 -0.172167189275358
24 1702 7 1654 -0.172167189275358
25 1684 44 1676 -0.172167189275358
25 1684 108 1678 -0.172167189275358
25 1684 130 1678 -0.172167189275358
26 1688 4 1684 -0.172167189275358
27 1660 116 1656 -0.172167189275358
28 1680 20 1662 -0.172167189275358
28 1680 44 1676 0.0185543587439609
28 1680 70 1660 -0.172167189275358
28 1680 72 1664 -0.0768064152656986
28 1680 96 1670 -0.172167189275358
29 1678 112 1668 -0.172167189275358
30 1682 73 1670 -0.172167189275358
31 1662 70 1660 -0.172167189275358
32 1678 34 1674 -0.172167189275358
33 1690 21 1688 -0.172167189275358
34 1674 5 1652 -0.0768064152656986
34 1674 7 1654 -0.172167189275358
34 1674 27 1660 -0.172167189275358
34 1674 72 1664 -0.172167189275358
35 1678 70 1660 -0.172167189275358
36 1680 70 1660 -0.172167189275358
36 1680 72 1664 -0.0768064152656986
37 1674 70 1660 -0.0768064152656986
37 1674 73 1670 -0.172167189275358
38 1712 105 1672 -0.172167189275358
39 1682 5 1652 -0.172167189275358
39 1682 72 1664 -0.172167189275358
40 1696 12 1686 -0.172167189275358
40 1696 39 1682 -0.172167189275358
41 1686 28 1680 -0.172167189275358
41 1686 44 1676 -0.172167189275358
41 1686 82 1676 -0.172167189275358
42 1686 7 1654 -0.172167189275358
42 1686 70 1660 -0.172167189275358
42 1686 75 1666 -0.172167189275358
42 1686 112 1668 -0.172167189275358
43 1680 126 1666 -0.172167189275358
44 1676 5 1652 -0.172167189275358
44 1676 6 1670 -0.172167189275358
44 1676 7 1654 -0.172167189275358
44 1676 14 1672 -0.172167189275358
44 1676 16 1670 -0.172167189275358
44 1676 20 1662 -0.0768064152656986
44 1676 34 1674 -0.172167189275358
44 1676 70 1660 0.0185543587439609
44 1676 72 1664 0.399997454782599
44 1676 75 1666 -0.0768064152656986
44 1676 116 1656 -0.0768064152656986
44 1676 131 1674 -0.172167189275358
45 1696 97 1680 -0.172167189275358
46 1676 72 1664 -0.172167189275358
47 1692 76 1682 -0.172167189275358
48 1682 116 1656 -0.172167189275358
49 1676 34 1674 -0.172167189275358
50 1700 20 1662 -0.172167189275358
51 1678 72 1664 -0.172167189275358
52 1704 31 1662 -0.172167189275358
53 1688 44 1676 -0.172167189275358
54 1668 70 1660 -0.172167189275358
54 1668 116 1656 -0.172167189275358
55 1684 112 1668 -0.172167189275358
56 1688 110 1672 -0.172167189275358
57 1664 70 1660 -0.172167189275358
58 1696 29 1678 -0.172167189275358
59 1684 116 1656 -0.172167189275358
60 1690 44 1676 -0.172167189275358
61 1682 44 1676 -0.172167189275358
61 1682 72 1664 -0.172167189275358
62 1692 121 1682 -0.172167189275358
63 1686 14 1672 -0.172167189275358
64 1666 72 1664 -0.172167189275358
65 1712 19 1700 -0.172167189275358
66 1700 61 1682 -0.172167189275358
67 1680 34 1674 -0.172167189275358
68 1698 70 1660 -0.172167189275358
69 1694 75 1666 -0.172167189275358
70 1660 5 1652 2.11649138695647
70 1660 7 1654 0.11391513275362
70 1660 116 1656 7.9334986015457
71 1696 44 1676 -0.172167189275358
72 1664 5 1652 -0.0768064152656986
72 1664 7 1654 -0.172167189275358
72 1664 20 1662 -0.0768064152656986
72 1664 70 1660 3.64226377111102
72 1664 116 1656 0.495358228792258
73 1670 70 1660 0.11391513275362
73 1670 72 1664 -0.0768064152656986
73 1670 75 1666 -0.0768064152656986
73 1670 112 1668 -0.172167189275358
74 1736 73 1670 -0.172167189275358
75 1666 5 1652 -0.172167189275358
75 1666 7 1654 0.0185543587439609
75 1666 20 1662 0.20927590676328
75 1666 70 1660 -0.172167189275358
75 1666 72 1664 0.0185543587439609
75 1666 116 1656 0.0185543587439609
76 1682 75 1666 -0.172167189275358
77 1702 116 1656 -0.172167189275358
78 1676 72 1664 -0.172167189275358
79 1730 68 1698 -0.172167189275358
80 1676 8 1674 -0.172167189275358
81 1674 70 1660 -0.172167189275358
81 1674 72 1664 -0.172167189275358
81 1674 73 1670 -0.172167189275358
82 1676 70 1660 -0.172167189275358
82 1676 72 1664 -0.172167189275358
83 1682 70 1660 -0.172167189275358
84 1712 109 1702 -0.172167189275358
85 1694 28 1680 -0.172167189275358
86 1676 34 1674 -0.172167189275358
86 1676 72 1664 -0.172167189275358
86 1676 116 1656 0.0185543587439609
87 1700 0 1694 -0.172167189275358
87 1700 11 1684 -0.172167189275358
88 1686 44 1676 -0.172167189275358
88 1686 72 1664 -0.172167189275358
89 1682 44 1676 -0.172167189275358
89 1682 116 1656 -0.172167189275358
90 1686 49 1676 -0.172167189275358
91 1686 70 1660 -0.172167189275358
92 1714 18 1680 -0.172167189275358
93 1680 70 1660 -0.172167189275358
94 1690 70 1660 -0.172167189275358
95 1692 88 1686 -0.172167189275358
96 1670 70 1660 0.0185543587439609
96 1670 72 1664 -0.172167189275358
97 1680 7 1654 -0.172167189275358
97 1680 70 1660 -0.172167189275358
98 1706 9 1682 -0.172167189275358
98 1706 71 1696 -0.172167189275358
99 1706 56 1688 -0.172167189275358
100 1664 5 1652 -0.172167189275358
101 1672 70 1660 -0.172167189275358
102 1684 37 1674 -0.172167189275358
103 1678 70 1660 -0.0768064152656986
103 1678 114 1676 -0.172167189275358
104 1692 20 1662 -0.172167189275358
105 1672 54 1668 -0.172167189275358
105 1672 116 1656 -0.172167189275358
106 1696 90 1686 -0.172167189275358
107 1682 28 1680 -0.172167189275358
107 1682 32 1678 -0.172167189275358
107 1682 70 1660 -0.172167189275358
107 1682 72 1664 -0.172167189275358
107 1682 119 1680 -0.0768064152656986
108 1678 44 1676 -0.172167189275358
109 1702 72 1664 -0.172167189275358
110 1672 72 1664 -0.172167189275358
111 1720 107 1682 -0.172167189275358
112 1668 5 1652 -0.0768064152656986
112 1668 20 1662 -0.0768064152656986
112 1668 70 1660 -0.172167189275358
112 1668 72 1664 -0.172167189275358
112 1668 75 1666 -0.172167189275358
113 1698 70 1660 -0.172167189275358
114 1676 72 1664 -0.172167189275358
115 1686 51 1678 -0.172167189275358
116 1656 5 1652 10.7943218218355
116 1656 7 1654 1.06752287285022
117 1686 20 1662 -0.172167189275358
118 1696 103 1678 -0.172167189275358
119 1680 44 1676 -0.172167189275358
119 1680 116 1656 -0.172167189275358
120 1708 60 1690 -0.172167189275358
121 1682 72 1664 -0.0768064152656986
121 1682 97 1680 -0.172167189275358
121 1682 116 1656 -0.172167189275358
122 1688 42 1686 -0.172167189275358
123 1710 25 1684 -0.172167189275358
124 1678 75 1666 -0.172167189275358
125 1678 112 1668 -0.172167189275358
126 1666 70 1660 -0.172167189275358
127 1678 70 1660 -0.172167189275358
128 1692 101 1672 -0.172167189275358
129 1720 120 1708 -0.172167189275358
130 1678 70 1660 -0.172167189275358
131 1674 70 1660 -0.172167189275358
132 1696 70 1660 -0.172167189275358
