0 1694 89 1682 1
1 1686 10 1682 1
1 1686 83 1682 1
2 1680 96 1670 1
3 1682 20 1662 1
3 1682 86 1676 1
4 1684 116 1656 1
6 1670 70 1660 1
6 1670 72 1664 1
6 1670 116 1656 1
7 1654 5 1652 1
8 1674 72 1664 1
8 1674 116 1656 1
9 1682 75 1666 1
9 1682 103 1678 1
10 1682 20 1662 1
10 1682 72 1664 1
10 1682 78 1676 1
10 1682 81 1674 1
10 1682 86 1676 1
11 1684 36 1680 1
11 1684 44 1676 1
11 1684 70 1660 1
12 1686 116 1656 1
13 1696 53 1688 1
14 1672 5 1652 1
14 1672 7 1654 1
14 1672 70 1660 1
14 1672 72 1664 1
14 1672 116 1656 1
15 1684 20 1662 1
16 1670 72 1664 1
17 1696 9 1682 1
18 1680 112 1668 1
19 1700 41 1686 1
20 1662 5 1652 1
20 1662 7 1654 1
20 1662 70 1660 1
20 1662 116 1656 1
21 1688 37 1674 1
22 1686 3 1682 1
23 1686 43 1680 1
24 1702 7 1654 1
25 1684 44 1676 1
25 1684 108 1678 1
25 1684 130 1678 1
26 1688 4 1684 1
27 1660 116 1656 1
28 1680 20 1662 1
28 1680 44 1676 1
28 1680 70 1660 1
28 1680 72 1664 1
28 1680 96 1670 1
29 1678 112 1668 1
30 1682 73 1670 1
31 1662 70 1660 1
32 1678 34 1674 1
33 1690 21 1688 1
34 1674 5 1652 1
34 1674 7 1654 1
34 1674 27 1660 1
34 1674 72 1664 1
35 1678 70 1660 1
36 1680 70 1660 1
36 1680 72 1664 1
37 1674 70 1660 1
37 1674 73 1670 1
38 1712 105 1672 1
39 1682 5 1652 1
39 1682 72 1664 1
40 1696 12 1686 1
40 1696 39 1682 1
41 1686 28 1680 1
41 1686 44 1676 1
41 1686 82 1676 1
42 1686 7 1654 1
42 1686 70 1660 1
42 1686 75 1666 1
42 1686 112 1668 1
43 1680 126 1666 1
44 1676 5 1652 1
44 1676 6 1670 1
44 1676 7 1654 1
44 1676 14 1672 1
44 1676 16 1670 1
44 1676 20 1662 1
44 1676 34 1674 1
44 1676 70 1660 1
44 1676 72 1664 1
44 1676 75 1666 1
44 1676 116 1656 1
44 1676 131 1674 1
45 1696 97 1680 1
46 1676 72 1664 1
47 1692 76 1682 1
48 1682 116 1656 1
49 1676 34 1674 1
50 1700 20 1662 1
51 1678 72 1664 1
52 1704 31 1662 1
53 1688 44 1676 1
54 1668 70 1660 1
54 1668 116 1656 1
55 1684 112 1668 1
56 1688 110 1672 1
57 1664 70 1660 1
58 1696 29 1678 1
59 1684 116 1656 1
60 1690 44 1676 1
61 1682 44 1676 1
61 1682 72 1664 1
62 1692 121 1682 1
63 1686 14 1672 1
64 1666 72 1664 1
65 1712 19 1700 1
66 1700 61 1682 1
67 1680 34 1674 1
68 1698 70 1660 1
69 1694 75 1666 1
70 1660 5 1652 1
70 1660 7 1654 1
70 1660 116 1656 1
71 1696 44 1676 1
72 1664 5 1652 1
72 1664 7 1654 1
72 1664 20 1662 1
72 1664 70 1660 1
72 1664 116 1656 1
73 1670 70 1660 1
73 1670 72 1664 1
73 1670 75 1666 1
73 1670 112 1668 1
74 1736 73 1670 1
75 1666 5 1652 1
75 1666 7 1654 1
75 1666 20 1662 1
75 1666 70 1660 1
75 1666 72 1664 1
75 1666 116 1656 1
76 1682 75 1666 1
77 1702 116 1656 1
78 1676 72 1664 1
79 1730 68 1698 1
80 1676 8 1674 1
81 1674 70 1660 1
81 1674 72 1664 1
81 1674 73 1670 1
82 1676 70 1660 1
82 1676 72 1664 1
83 1682 70 1660 1
84 1712 109 1702 1
85 1694 28 1680 1
86 1676 34 1674 1
86 1676 72 1664 1
86 1676 116 1656 1
87 1700 0 1694 1
87 1700 11 1684 1
88 1686 44 1676 1
88 1686 72 1664 1
89 1682 44 1676 1
89 1682 116 1656 1
90 1686 49 1676 1
91 1686 70 1660 1
92 1714 18 1680 1
93 1680 70 1660 1
94 1690 70 1660 1
95 1692 88 1686 1
96 1670 70 1660 1
96 1670 72 1664 1
97 1680 7 1654 1
97 1680 70 1660 1
98 1706 9 1682 1
98 1706 71 1696 1
99 1706 56 1688 1
100 1664 5 1652 1
101 1672 70 1660 1
102 1684 37 1674 1
103 1678 70 1660 1
103 1678 114 1676 1
104 1692 20 1662 1
105 1672 54 1668 1
105 1672 116 1656 1
106 1696 90 1686 1
107 1682 28 1680 1
107 1682 32 1678 1
107 1682 70 1660 1
107 1682 72 1664 1
107 1682 119 1680 1
108 1678 44 1676 1
109 1702 72 1664 1
110 1672 72 1664 1
111 1720 107 1682 1
112 1668 5 1652 1
112 1668 20 1662 1
112 1668 70 1660 1
112 1668 72 1664 1
112 1668 75 1666 1
113 1698 70 1660 1
114 1676 72 1664 1
115 1686 51 1678 1
116 1656 5 1652 1
116 1656 7 1654 1
117 1686 20 1662 1
118 1696 103 1678 1
119 1680 44 1676 1
119 1680 116 1656 1
120 1708 60 1690 1
121 1682 72 1664 1
121 1682 97 1680 1
121 1682 116 1656 1
122 1688 42 1686 1
123 1710 25 1684 1
124 1678 75 1666 1
125 1678 112 1668 1
126 1666 70 1660 1
127 1678 70 1660 1
128 1692 101 1672 1
129 1720 120 1708 1
130 1678 70 1660 1
131 1674 70 1660 1
132 1696 70 1660 1
